276071948747		# ignore the first line -- it is not a correctly computed delta
150095
34756
6183
4395
5605
4983
10554
4792
4188
5821
4535
4442
4238
4588
4539
4431
6951
48834035
151864611
152111280
152711497
152055352
153039417
152197015
152664346
152643933
152389504
152883638
152386045
152647027
152752732
152354496
152967004
152542536
152405977
152820900
151752663
152055550
151401190
152221026
151353754
151983497
151662482
151854379
151738711
151879424
151677878
151602443
151946747
151740093
152102083
80459556
6993
23316
5481
5338
9902
1286
